 152   3.8487  31.680
  57   5.9022  39.372
 118   6.3815   8.836
 132   8.1258  39.999
  60  10.7029  21.608
 223  14.7932  50.954
 188  18.1469  58.189
 100  18.5568  55.881
  71  19.3049  55.565
  77  19.3333  56.386
 219  21.6124  10.167
   7  23.2949  34.567
  91  23.3741  48.000
  11  25.5643  45.631
 139  25.9878  26.672
 113  28.5000  56.974
  12  29.9131  29.075
 186  29.9860  26.071
  96  36.5151  55.473
 159  37.1695  21.042
  61  40.8610  13.378
 166  44.7026  14.556
 106  45.6493  50.604
 108  45.9260  37.928
 147  54.3861  39.797
  56  55.7730  52.704
 174  55.8925  40.148
 175  64.5205  10.136
 189  66.0450  48.094
 222  68.9533  27.962
4001  71.3914  92.483
 164  74.0260  25.852
  10  74.5781  22.969
  93  76.0613  52.134
 123  78.2833  43.721
  53  78.3149  21.427
  73  81.8945   7.464
 230  82.2164  12.957
 191  83.3394  57.655
 180  92.5615  12.204
 117  95.3977  58.954
  34  95.9797  12.525
 160  96.2121  50.222
  19  96.6643   6.103
  28  96.6888  12.239
 183  98.0870  51.489
 154  98.7293  39.457
 116 102.1049  42.999
 200 110.3965  26.384
 203 110.7439  49.761
 158 111.2462  19.850
 136 114.2687  18.305
  80 115.7732  43.496
  49 116.7604  22.725
  95 116.9032  49.102
  24 118.8980  42.329
  45 120.0411   5.427
  42 122.1605  57.168
 215 123.4616  22.420
  13 124.0150  37.549
 224 125.0218  49.260
 149 125.2868  47.331
 162 129.6984  33.983
 229 132.0197  55.011
  30 132.9148  17.800
 153 133.5206  29.267
 151 135.7737  34.883
 199 143.6888  16.475
 179 144.7224  20.199
 231 145.7949  16.411
  55 146.4795  27.836
 167 153.5007  48.219
 119 153.8979   7.473
 193 158.6095  34.114
 122 163.2342  19.346
   9 166.4414  47.928
  47 176.2994  50.549
 207 177.7270  32.215
 181 179.8922   6.277
  78 184.1757  54.423
  76 184.9286  35.361
 150 185.3010  49.442
  26 185.5035  26.969
 112 185.6313  39.845
 184 187.2054  44.950
  32 187.5093  23.230
 109 189.3649  17.167
  31 190.7012   8.694
 194 192.2751  32.731
 130 194.3251  29.404
  51 197.1397  24.549
 185 198.9727  43.208
  97 202.7069  26.346
 202 203.5051  21.764
 124 204.8697  21.306
   4 211.7603  48.384
  92 215.4027   6.848
   6 219.2210  41.288
  16 222.0462  39.202
 115 226.3916  49.913
4003 230.0640 120.052
 204 231.5363  42.515
 114 232.4874   5.323
  64 233.0658  29.057
 138 234.4713  26.998
 227 234.9766  11.179
 178 240.5270  13.978
 173 241.6494  13.153
 104 244.5507  32.475
 210 245.6472  55.251
  99 246.2272   9.843
  86 248.9323  25.047
 197 250.2190  33.585
 217 254.7030  11.369
 133 254.7150  34.300
  58 256.2565   8.036
 182 257.2406  17.721
 234 257.3239   9.423
  25 258.8883  58.889
 144 262.1219  55.811
  29 264.0626  51.469
  75 266.2184   5.740
 137 270.9015  44.629
 201 271.2467   7.538
 110 273.2724  26.927
  65 274.1721  42.203
 214 275.8548   8.670
  18 276.6240  57.997
  50 276.7514   6.450
  81 278.0409  56.650
  41 279.4351  58.113
  33 282.3716  36.638
  83 285.2919  14.717
 125 285.3383   9.526
 233 286.7577  44.221
  84 288.1479  38.922
  85 293.3107  33.511
  59 295.0888  27.225
 165 295.1641  40.139
 148 302.0843  46.456
 143 304.9179   6.197
  63 305.5506   5.179
 187 306.6379  31.391
 218 307.6324  14.040
 190 310.8794  27.535
 235 313.0269  50.028
  79 319.9802  38.989
  20 323.9255  11.086
 213 325.9907  58.197
 225 326.9123   5.504
  90 327.7266  37.779
 170 327.7455  23.818
 205 329.1342  53.534
 103 330.6684  59.775
 221 338.3962  46.932
 105 338.9198  28.653
 168 344.9459  25.110
  36 346.0787  23.110
 129 346.6993  11.879
 140 351.6847  27.633
  40 352.5674  59.065
 176 353.2611  56.083
  98 353.6529  30.959
 142 356.5902  53.303
  62 357.3321  22.004
 172 359.0353  13.131
 131 361.3222  37.587
 156 362.2268  34.923
 212 364.8327  26.333
  74 364.9909  58.052
  27 369.1159  50.149
 228 369.6737  16.864
 206 376.5818   9.499
 134 377.6223  16.479
 101 380.7697  42.316
  39 381.7145  19.330
  66 386.8534  50.260
  44 388.2418  23.243
 232 390.2859  51.785
  54 391.0379  14.967
 177 391.4341  31.682
  72 394.1556  29.305
  17 395.4103  54.200
  70 395.4374  33.880
  87 395.9118  47.532
 198 396.4667  49.867
 155 397.6244   9.278
 209 398.4791  24.000
  46 399.2249  14.121
