 5 17 32 -842.9382 0
 4  8 26 -392.7055 1
 4 12 43 1286.5870 0
 5 15 14 -113.4749 0
 2 14 16  808.3760 0
 4  9 39 1000.1047 1
 5 14 28  112.5301 0
 4 14 23   71.4309 0
10 13 23  378.2434 0
 5 13 27 -521.2435 1
 2 14 36  189.2314 1
 1 19 15 -636.5824 1
 1  9 22  712.0696 1
 4 19 27  124.8771 0
 4 18 17  494.1813 1
 5 14 15  113.4747 0
10  8 28 -229.9232 0
 1 18 24   -3.2807 1
 1  7 39 -773.2411 0
 5 19 35  566.1226 1
 1 14 30 -937.6165 0
 5 14 20 -262.0493 0
10  6 41 -879.2959 1
 2 17 39 -150.0176 0
 5 18 26 -117.0853 0
10  6 29 -227.4814 0
 2 13 33 1048.5866 1
 5 14 15  473.4741 0
 4  9 37 -813.7962 0
 5 11 28 -306.5717 1
 1 19 34 -585.9443 0
10 13 28  817.6093 0
 4  9 22 -237.9465 1
 5  7 19  797.7160 0
 4 19 21  786.3162 0
 4  9 42 -759.2047 1
 5  7 32 -243.3470 1
10  6 35 -399.4566 0
10  9 40 -106.6815 0
 2 16 29 1063.9594 1
10 12 25  763.5884 1
 4 13 27 -438.1315 1
 2 12 18   45.6894 0
10  7 30 -373.5777 0
10 19 44  -26.6829 1
 1 11 24  607.6562 1
 5  9 25  880.0940 1
 2 19 39  898.5910 0
 1  9 19  -72.4907 0
 5  8 19  498.6773 1
 4  9 19 -649.4080 1
10 15 42 -218.2162 0
