  3 187.7  -301.625  -708.980
  4 165.0 -1053.056  1182.717
  5 141.1  -165.239  -180.782
  6 141.7  -125.147  -287.057
  7 191.8  -259.543   420.207
  8 138.9  1293.932    93.966
  9 190.1  -533.215    36.878
 10 164.5  -973.317    23.684
 11 151.1  -355.826   628.113
 12 199.3  -695.932  -594.444
 13 171.7   805.264   -39.656
 14 149.3  1012.742   704.901
 15 192.0  -272.283  -501.659
 16 182.3   988.524   521.765
 17 190.4   974.646  -326.114
 18 146.5  -906.858   655.226
 19 170.1  -278.857  -282.936
 20 165.7  -468.904   139.021
 21 182.6  -112.482   915.029
 22 198.7  1312.646   866.826
 23 178.3   946.977   151.954
 24 179.4  -515.986  -119.731
 25 191.9    73.013   284.428
 26 168.0  -437.399   323.005
 27 165.4   -15.092  1050.435
 28 150.9   757.147  -251.215
 29 171.8  1088.810  -208.717
 30 184.4  1111.328   425.092
 31 157.4   -70.858   981.278
 32 164.1   624.477   628.898
 33 168.5  -773.192  -396.999
 34 145.2  -248.263  -583.662
 35 198.8 -1146.001   676.064
 36 154.4   951.219   724.046
 37 145.0    82.059  -242.047
 38 195.8 -1078.039   890.437
 39 178.8  -921.227   448.773
 40 162.8  1479.388   443.341
 41 189.1   504.650  1109.787
 42 146.1  -509.112  -209.174
 43 163.6  1402.654   463.641
 44 183.9     3.798   262.589
 45 175.0 -1062.869   942.332
 46 151.5  1333.660   368.913
 47 157.8  1539.056   405.264
 48 174.8   641.788   176.302
 49 157.0   835.492  1085.299
 50 176.3   168.164  -106.947
 51 168.6   720.191  -400.619
 52 168.8  -183.765  -603.800
 53 175.7   -77.210   504.231
 54 196.7   240.188   411.934
