   1  315.95  491.48
   2  218.62   33.67
   3  286.02  451.67
   4   74.68  206.06
   5   37.98    6.51
   6  106.83  125.39
   7  260.16  168.97
   8  304.14  160.77
   9  136.36  155.50
  10  219.69  112.96
  11  139.45  257.34
  12  368.37  242.48
  13  159.67  183.55
  14  196.39  209.35
  15  359.96  258.77
  16  303.59  154.74
  17   88.49  267.93
  18  206.97  341.05
  19   55.84  467.28
  20  392.60  254.48
  21  168.36  266.21
  22  220.65  431.46
  23  312.33  281.89
  24  223.87  184.09
  25  365.53  482.47
  26  258.26  267.06
  27  234.02  392.05
  28   72.98  383.02
  29  129.03  244.58
  30  388.85  319.15
  31  304.64  177.99
  32  204.04  441.52
  33  205.32   92.67
  34  210.91  153.17
  35  305.87   48.74
  36  191.61  435.84
  37  399.02   38.95
  38  281.21  472.94
  39  184.55  388.07
  40  338.76  362.81
  41   63.46  210.97
  42  285.64  452.86
  43  103.70  236.38
  44  233.40   40.77
  45   76.65  460.98
  46  356.09  151.08
  47  136.25  214.54
  48  247.51  279.61
  49  276.93  263.98
  50   93.30   77.95
  51  283.87  323.18
  52   98.30  207.17
  53  195.08  133.15
  54  363.64   74.64
  55  103.03  385.54
  56   85.08  279.32
  57   19.27  392.97
  58  144.22   81.45
  59   91.00  263.76
  60  268.60  308.13
  61  217.21  456.58
  62  153.50  135.16
  63   64.65  360.88
  64  160.67  205.35
  65   25.95  431.53
  66   59.62  316.32
  67   79.74  197.18
  68  107.04  359.76
  69  130.36  126.78
  70  353.55  440.46
  71  113.10  399.51
  72   38.54  270.03
  73  159.56  349.71
  74  314.45  467.06
  75  143.06  412.84
  76   67.46  367.99
  77  143.98  475.86
  78  348.66  122.90
  79  135.64  383.54
  80  157.45   69.77
  81  377.19  188.90
  82  361.88  398.03
  83  370.80  445.11
  84  226.68  308.91
  85  114.28  334.27
  86   99.68   20.33
  87   78.70  214.84
  88   92.40  298.57
  89   76.02  315.57
  90  216.44   44.61
  91  382.82   97.65
  92  217.88  219.81
  93  282.94  245.21
  94   14.17   19.06
  95  186.46  194.16
  96    2.61   72.75
  97  129.56    4.29
  98  105.07   76.29
  99  166.83   31.52
 100  338.75   31.09
