  1 2020.2  108.4 55.5
  2 1865.8  101.2 61.0
  3 2063.9  234.7 48.4
  4 1947.0  242.5 51.6
  5 1710.2  175.3 52.0
  6 1576.7   74.6 49.3
  7 1517.4  227.9 43.4
  8 1385.2   82.0 44.8
  9 1265.2   91.1 44.5
 10 1171.5  125.6 42.0
 11 1253.6  236.6 37.2
 12 1342.4  238.3 37.0
 13 1429.5  278.9 42.8
 14 1654.1  276.4 48.0
 15 1776.6  320.2 51.5
 16 1911.8  353.0 48.0
 17 2038.6  382.3 43.5
 18 2068.3  492.1 44.2
 19 1922.2  470.2 50.7
 20 1751.8  433.4 53.8
 21 1645.7  409.1 52.4
 22 1549.5  324.1 48.8
 23 1433.2  399.3 44.5
 24 1420.1  474.4 42.0
 25 1481.5  543.3 46.5
 26 1596.9  486.0 51.6
 27 1758.5  557.6 56.2
 28 1615.9  569.7 53.0
 29 1417.6  621.5 41.6
 30 1542.9  674.8 49.6
 31 1681.1  725.2 54.6
 32 1828.9  696.7 52.8
 33 1915.4  610.8 52.6
 34 2062.3  689.1 45.6
 35 1929.6  727.2 48.7
 36 2025.6  803.5 42.3
 37 1403.2  729.4 46.8
 38 1274.0  573.1 30.8
 39 1347.1  534.5 36.7
 40 1286.2  485.1 32.0
 41 1299.9  424.3 34.4
 42 1203.1  421.1 27.2
 43 1258.2  346.1 31.3
 44 1119.9  384.0 30.3
 45 1168.0  281.2 34.8
 46 1088.7  223.3 38.0
 47  968.3   63.8 40.0
 48 2034.2  918.5 39.0
 49 1850.6  806.7 48.5
 50 1757.5  854.1 52.0
 51 1851.5  948.4 47.5
 52 1671.0  959.3 53.2
 53 1475.2  962.0 47.3
 54 1527.6  805.9 52.6
 55 1628.9  813.7 55.3
 56 1451.1  850.1 49.5
 57 1312.1  900.5 41.6
 58 1339.8  994.2  4.0
 59 1198.3 1012.2 29.5
 60 1310.5 1105.6 41.7
 61 1422.3 1093.8 49.6
 62 1501.8 1046.9 49.8
 63 1579.5 1118.2 58.8
 64 1680.1 1136.5 63.5
 65 1776.5 1124.3 59.4
 66 1885.0 1034.2 49.4
 67 1980.2 1099.0 46.4
 68 2055.7 1217.1 44.3
 69 1915.6 1212.5 52.9
 70 1058.4 1023.1 19.1
 71  893.3 1029.3  9.0
 72  947.7 1184.8 16.2
 73 1090.2 1198.7 28.6
 74 1286.9 1231.7 46.7
 75 1434.3 1265.8 60.4
 76 1523.2 1192.1 64.0
 77 1417.9 1175.1 54.0
 78 1756.8 1230.7 66.1
 79 1618.6 1276.3 73.5
 80 1200.2  840.5 33.9
 81 1315.6  764.6 41.6
 82 1191.0  745.4 31.9
 83 1271.7  665.9 38.7
 84 1145.3  621.0 26.8
 85 1147.8  521.1 22.7
 86 1008.6  611.2 16.9
 87 1080.1  730.2 21.7
 88 1063.8  837.6 22.9
 89  918.0  846.2 11.7
 90  973.0  723.4 14.0
 91  894.5  662.8 20.6
 92  827.1  608.1 26.8
 93  958.1  446.2 25.6
 94  867.7  296.8 33.5
 95 1889.3 1345.6 49.5
 96 2031.8 1415.7 35.6
 97 1956.9 1479.2 40.2
 98 1827.4 1467.8 50.7
 99 1740.2 1376.9 62.6
100 1668.0 1438.4 58.4
101 1608.8 1479.5 55.6
102 1590.3 1393.3 64.4
103 1502.7 1358.0 64.7
104 1372.1 1354.0 53.7
105 1416.5 1454.7 54.6
106 1293.7 1463.1 43.8
107 1209.6 1364.8 36.5
108 1096.4 1372.0 24.1
109  950.5 1393.7  9.6
110  797.5 1435.8  3.4
111  790.0 1307.7  5.3
112  705.3 1346.3  7.4
113  810.0 1184.7  7.0
114  702.8 1093.1 15.7
115  726.6  925.2 23.0
116  773.3  762.8 22.9
117  574.2 1459.3 10.7
118  456.6 1401.6 20.0
119  359.9 1460.1 24.4
120  206.9 1434.8 33.6
121  316.4 1311.1 31.5
122  574.6 1266.2 18.0
123  450.6 1180.8 29.0
124  149.4 1243.2 38.6
125  338.9 1075.0 34.5
126  148.3 1068.3 34.3
127  280.6  990.9 32.0
128  580.9 1013.7 25.5
129  465.2  924.7 32.2
130  126.2  932.8 28.3
131  259.0  855.8 24.8
132  347.1  828.0 26.4
133  556.4  821.5 33.3
134  609.6  701.4 30.7
135  449.9  670.3 26.0
136  232.4  747.9 17.8
137  637.6  594.4 33.5
138  471.3  540.8 30.0
139  336.3  522.4 25.8
140  148.5  509.1 16.7
141  141.1  653.2  8.5
142  291.7  649.6 18.6
143  498.6  355.8 36.1
144  649.2  475.0 37.6
145  740.7  528.2 34.0
146  311.8  359.3 29.2
147  144.7  350.0 22.0
148  178.6  213.5 20.3
149  352.6  220.1 28.5
150  492.5  239.0 35.5
151  806.9  188.3 36.5
152  732.7   85.3 34.4
153  566.8   82.5 35.2
154  402.9   80.6 30.2
155  249.9   79.0 24.3
156  649.5  357.7 41.1
