156  649.50  357.73 41.1
155  249.93   79.04 24.3
154  402.90   80.62 30.2
153  566.77   82.54 35.2
152  732.70   85.34 34.4
151  806.93  188.27 36.5
150  492.46  238.98 35.5
149  352.59  220.05 28.5
148  178.61  213.50 20.3
147  144.72  349.99 22.0
146  311.81  359.31 29.2
145  740.69  528.23 34.0
144  649.20  475.00 37.6
143  498.58  355.75 36.1
142  291.72  649.62 18.6
141  141.12  653.20  8.5
140  148.49  509.11 16.7
139  336.28  522.43 25.8
138  471.25  540.79 30.0
137  637.58  594.35 33.5
136  232.44  747.92 17.8
135  449.88  670.34 26.0
134  609.61  701.43 30.7
133  556.35  821.50 33.3
132  347.10  827.96 26.4
131  258.97  855.80 24.8
130  126.19  932.76 28.3
129  465.18  924.67 32.2
128  580.94 1013.68 25.5
127  280.56  990.90 32.0
126  148.31 1068.26 34.3
125  338.92 1074.95 34.5
124  149.45 1243.16 38.6
123  450.58 1180.80 29.0
122  574.56 1266.21 18.0
121  316.36 1311.11 31.5
120  206.89 1434.78 33.6
119  359.94 1460.11 24.4
118  456.65 1401.58 20.0
117  574.20 1459.27 10.7
116  773.26  762.81 22.9
115  726.62  925.18 23.0
114  702.81 1093.11 15.7
113  809.95 1184.67  7.0
112  705.28 1346.33  7.4
111  790.05 1307.71  5.3
110  797.55 1435.80  3.4
109  950.48 1393.70  9.6
108 1096.38 1372.02 24.1
107 1209.62 1364.83 36.5
106 1293.67 1463.06 43.8
105 1416.54 1454.69 54.6
104 1372.14 1354.02 53.7
103 1502.67 1358.02 64.7
102 1590.25 1393.33 64.4
101 1608.77 1479.48 55.6
100 1668.01 1438.42 58.4
 99 1740.17 1376.90 62.6
 98 1827.39 1467.78 50.7
 97 1956.89 1479.15 40.2
 96 2031.83 1415.70 35.6
 95 1889.27 1345.62 49.5
 94  867.68  296.83 33.5
 93  958.13  446.19 25.6
 92  827.15  608.12 26.8
 91  894.55  662.78 20.6
 90  973.01  723.42 14.0
 89  917.99  846.19 11.7
 88 1063.82  837.65 22.9
 87 1080.08  730.24 21.7
 86 1008.63  611.24 16.9
 85 1147.85  521.12 22.7
 84 1145.26  621.04 26.8
 83 1271.72  665.93 38.7
 82 1191.00  745.42 31.9
 81 1315.57  764.64 41.6
 80 1200.24  840.45 33.9
 79 1618.64 1276.28 73.5
 78 1756.80 1230.67 66.1
 77 1417.91 1175.13 54.0
 76 1523.24 1192.08 64.0
 75 1434.33 1265.81 60.4
 74 1286.89 1231.74 46.7
 73 1090.21 1198.71 28.6
 72  947.66 1184.76 16.2
 71  893.34 1029.28  9.0
 70 1058.41 1023.15 19.1
 69 1915.59 1212.52 52.9
 68 2055.68 1217.06 44.3
 67 1980.20 1098.98 46.4
 66 1885.02 1034.17 49.4
 65 1776.54 1124.30 59.4
 64 1680.14 1136.52 63.5
 63 1579.50 1118.20 58.8
 62 1501.76 1046.92 49.8
 61 1422.30 1093.75 49.6
 60 1310.49 1105.62 41.7
 59 1198.35 1012.17 29.5
 58 1339.81  994.17  4.0
 57 1312.07  900.54 41.6
 56 1451.11  850.06 49.5
 55 1628.93  813.74 55.3
 54 1527.62  805.86 52.6
 53 1475.22  962.02 47.3
 52 1671.01  959.25 53.2
 51 1851.48  948.39 47.5
 50 1757.51  854.08 52.0
 49 1850.60  806.71 48.5
 48 2034.18  918.53 39.0
 47  968.29   63.75 40.0
 46 1088.65  223.35 38.0
 45 1167.95  281.23 34.8
 44 1119.91  383.96 30.3
 43 1258.19  346.05 31.3
 42 1203.10  421.14 27.2
 41 1299.94  424.25 34.4
 40 1286.19  485.13 32.0
 39 1347.08  534.48 36.7
 38 1274.04  573.11 30.8
 37 1403.19  729.35 46.8
 36 2025.63  803.55 42.3
 35 1929.62  727.21 48.7
 34 2062.31  689.13 45.6
 33 1915.40  610.81 52.6
 32 1828.90  696.68 52.8
 31 1681.10  725.20 54.6
 30 1542.90  674.83 49.6
 29 1417.56  621.54 41.6
 28 1615.91  569.71 53.0
 27 1758.53  557.60 56.2
 26 1596.89  486.02 51.6
 25 1481.46  543.30 46.5
 24 1420.10  474.41 42.0
 23 1433.17  399.34 44.5
 22 1549.47  324.13 48.8
 21 1645.68  409.13 52.4
 20 1751.78  433.39 53.8
 19 1922.15  470.24 50.7
 18 2068.25  492.07 44.2
 17 2038.60  382.33 43.5
 16 1911.81  352.98 48.0
 15 1776.64  320.22 51.5
 14 1654.09  276.44 48.0
 13 1429.55  278.86 42.8
 12 1342.38  238.33 37.0
 11 1253.63  236.58 37.2
 10 1171.52  125.64 42.0
  9 1265.17   91.06 44.5
  8 1385.19   81.98 44.8
  7 1517.44  227.86 43.4
  6 1576.66   74.64 49.3
  5 1710.15  175.27 52.0
  4 1947.04  242.53 51.6
  3 2063.92  234.66 48.4
  2 1865.81  101.18 61.0
  1 2020.19  108.44 55.5

 souradnice teziste jsou:
 1178.43 770.19 37.79